8817	,2	,0
10942	,2	,1
19926	,2	,2
22365	,2	,3
26177	,2	,4
33951	,2	,5
35655	,2	,6
41672	,2	,7
46233	,2	,8
54607	,2	,9
57249	,2	,10
63522	,2	,11
68147	,2	,12
73547	,2	,13
79499	,2	,14
84522	,2	,15
87873	,2	,16
95467	,2	,17
100060	,2	,18
102513	,2	,19
109529	,2	,20
110623	,2	,21
118912	,2	,22
124990	,2	,23
129575	,2	,24
130951	,2	,25
137833	,2	,26
142681	,2	,27
148411	,2	,28
154718	,2	,29
159272	,2	,30
161186	,2	,31
169075	,2	,32
171702	,2	,33
176578	,2	,34


6660	,3	,0
11926	,3	,1
16754	,3	,2
21973	,3	,3
30725	,3	,4
35881	,3	,5
40817	,3	,6
41371	,3	,7
48818	,3	,8
56044	,3	,9
60888	,3	,10
63037	,3	,11
66603	,3	,12
74809	,3	,13
76669	,3	,14
82137	,3	,15
91021	,3	,16
93630	,3	,17
97738	,3	,18
105662	,3	,19
110193	,3	,20
114224	,3	,21
116685	,3	,22
124092	,3	,23
128991	,3	,24
135022	,3	,25
136388	,3	,26
141528	,3	,27
147903	,3	,28
151700	,3	,29
159856	,3	,30
162631	,3	,31
168545	,3	,32
174239	,3	,33
178222	,3	,34


6767	,4	,0
14285	,4	,1
17924	,4	,2
25188	,4	,3
26180	,4	,4
32477	,4	,5
36274	,4	,6
44703	,4	,7
50275	,4	,8
51814	,4	,9
56330	,4	,10
62064	,4	,11
68767	,4	,12
72462	,4	,13
78065	,4	,14
83759	,4	,15
86938	,4	,16
93431	,4	,17
96572	,4	,18
100892	,4	,19
108284	,4	,20
114275	,4	,21
119565	,4	,22
123564	,4	,23
128868	,4	,24
135081	,4	,25
138829	,4	,26
141931	,4	,27
146160	,4	,28
154204	,4	,29
156267	,4	,30
160986	,4	,31
166211	,4	,32
173180	,4	,33
176197	,4	,34

8140	,5	,0
14119	,5	,1
19305	,5	,2
24805	,5	,3
30641	,5	,4
31500	,5	,5
38508	,5	,6
42242	,5	,7
46322	,5	,8
52416	,5	,9
58906	,5	,10
65267	,5	,11
66478	,5	,12
71337	,5	,13
78063	,5	,14
81494	,5	,15
88164	,5	,16
92767	,5	,17
98814	,5	,18
104032	,5	,19
109650	,5	,20
114118	,5	,21
117937	,5	,22
122969	,5	,23
130703	,5	,24
133118	,5	,25
138555	,5	,26
144703	,5	,27
150915	,5	,28
154869	,5	,29
158056	,5	,30
161845	,5	,31
168048	,5	,32
172009	,5	,33
178276	,5	,34


5832	,6	,0
14715	,6	,1
16848	,6	,2
25402	,6	,3
27153	,6	,4
33520	,6	,5
36997	,6	,6
44504	,6	,7
47418	,6	,8
51755	,6	,9
59888	,6	,10
62021	,6	,11
66771	,6	,12
71201	,6	,13
79482	,6	,14
85482	,6	,15
86294	,6	,16
94036	,6	,17
97589	,6	,18
103996	,6	,19
106723	,6	,20
112075	,6	,21
117937	,6	,22
124669	,6	,23
126483	,6	,24
134827	,6	,25
139926	,6	,26
143713	,6	,27
150073	,6	,28
153067	,6	,29
157441	,6	,30
163794	,6	,31
167669	,6	,32
170911	,6	,33
176951	,6	,34


----------------------------------------------------------------------------


20083,	1,	 3 ,2 
22332,	1,	 4 ,3 
22459,	1,	 4 ,2 
26458,	1,	 5 ,2 
27082,	1,	 5 ,4 
31835,	1,	 6 ,5 
31860,	1,	 5 ,5 
31885,	1,	 5 ,3 
32958,	1,	 6 ,4 
34457,	1,	 6 ,6 
34481,	1,	 6 ,2 
36085,	1,	 7 ,2 
36109,	1,	 6 ,3 
36708,	1,	 7 ,4 
37583,	1,	 7 ,6 
39585,	1,	 7 ,5 
41084,	1,	 7 ,3 
41832,	1,	 8 ,2 
42084,	1,	 8 ,3 
43209,	1,	 8 ,5 
45958,	1,	 8 ,4 
45983,	1,	 8 ,6 
46335,	1,	 9 ,2 
46958,	1,	 9 ,5 
48581,	1,	 9 ,6 
49460,	1,	 9 ,3 
50959,	1,	 9 ,4 
52333	,1	, 10 ,4 
52357	,1	, 10 ,6 
53335	,1	, 10 ,5 
55208	,1	, 10 ,2 
56458	,1	, 10 ,3 
57460	,1	, 11 ,4 
57484	,1	, 11 ,2 
60958	,1	, 11 ,5 
61708	,1	, 11 ,3 
61733	,1	, 11 ,6 
62960	,1	, 12 ,4 
62985	,1	, 12 ,6 
63334	,1	, 12 ,3 
64082	,1	, 12 ,2 
65711	,1	, 12 ,5 
66959	,1	, 13 ,3 
66983	,1	, 13 ,5 
68457	,1	, 13 ,6 
68481	,1	, 13 ,2 
69210	,1	, 13 ,4 
71834	,1	, 14 ,6 
71859	,1	, 14 ,5 
73332	,1	, 14 ,4 
73710	,1	, 14 ,2 
75083	,1	, 14 ,3 
77208	,1	, 15 ,3 
78836	,1	, 15 ,5 
78860	,1	, 15 ,4 
79584	,1	, 15 ,2 
80582	,1	, 15 ,6 
81960	,1	, 16 ,5 
83084	,1	, 16 ,3 
84082	,1	, 16 ,4 
84835	,1	, 16 ,2 
87709	,1	, 17 ,6 
87733	,1	, 16 ,6 
87758	,1	, 17 ,4 
88458	,1	, 17 ,2 
88710	,1	, 17 ,5 
91334	,1	, 17 ,3 
94708	,1	, 18 ,5 
94733	,1	, 18 ,4 
94757	,1	, 18 ,3 
95210	,1	, 18 ,6 
95584	,1	, 18 ,2 
97208	,1	, 19 ,4 
98211	,1	, 19 ,6 
98236	,1	, 19 ,3 
99709	,1	, 19 ,5 
100583	,1	, 19 ,2 
101835	,1	, 20 ,4 
102710	,1	, 20 ,2 
105209	,1	, 20 ,6 
105234	,1	, 20 ,5 
106207	,1	, 20 ,3 
107710	,1	, 21 ,6 
108708	,1	, 21 ,4 
109711	,1	, 21 ,2 
110210	,1	, 21 ,5 
111084	,1	, 21 ,3 
111110	,1	, 22 ,2 
113331	,1	, 22 ,6 
114960	,1	, 22 ,3 
114986	,1	, 22 ,4 
115011	,1	, 22 ,5 
117084	,1	, 23 ,3 
118707	,1	, 23 ,5 
119334	,1	, 23 ,2 
119360	,1	, 23 ,6 
119958	,1	, 23 ,4 
123711	,1	, 24 ,5 
125585	,1	, 24 ,2 
126834	,1	, 24 ,6 
126860	,1	, 24 ,3 
128831	,1	, 25 ,6 
129210	,1	, 25 ,3 
129235	,1	, 25 ,4 
129708	,1	, 25 ,2 
131461	,1	, 26 ,2 
131486	,1	, 25 ,5 
133459	,1	, 26 ,5 
135958	,1	, 26 ,3 
135983	,1	, 26 ,4 
136008	,1	, 26 ,6 
136836	,1	, 27 ,3 
137960	,1	, 27 ,2 
139834	,1	, 27 ,5 
139860	,1	, 27 ,4 
140961	,1	, 27 ,6 
142085	,1	, 28 ,3 
142834	,1	, 28 ,4 
142859	,1	, 28 ,2 
144331	,1	, 28 ,6 
145585	,1	, 28 ,5 
146833	,1	, 29 ,4 
149082	,1	, 29 ,3 
149107	,1	, 29 ,2 
150710	,1	, 29 ,6 
151458	,1	, 29 ,5 
151957	,1	, 30 ,3 
154339	,1	, 30 ,6 
155334	,1	, 30 ,2 
155358	,1	, 30 ,4 
155384	,1	, 30 ,5 
157082	,1	, 31 ,4 
158335	,1	, 31 ,6 
158834	,1	, 31 ,5 
159332	,1	, 31 ,2 
160460	,1	, 31 ,3 
161459	,1	, 32 ,2 
161484	,1	, 32 ,4 
162332	,1	, 32 ,5 
162834	,1	, 32 ,3 
164958	,1	, 32 ,6 
166582	,1	, 33 ,4 
168335	,1	, 33 ,6 
168584	,1	, 33 ,5 
169082	,1	, 33 ,3 
169210	,1	, 33 ,2 
171708	,1	, 34 ,6 
171832	,1	, 34 ,2 
172585	,1	, 34 ,5 
174084	,1	, 34 ,4 
174458	,1	, 34 ,3 
176589	,1	, 35 ,4 
177459	,1	, 35 ,2 
177484	,1	, 35 ,6 
179082	,1	, 35 ,3 
179108	,1	, 35 ,5 